100
2 3 2
1 1 1
2 1 2
3 2 3
1 97 1
15 6 15
10 18 10
57 6 57
65 8 65
81 1 81
85 6 85
67 1 67
78 1 78
37 6 37
1 53 1
4 29 4
2 2 2
87 2 87
20 7 20
28 6 28
3 1 3
59 4 59
43 11 43
4 4 4
3 21 3
4 1 4
1 2 1
50 3 50
3 4 3
55 8 55
34 7 34
18 13 18
54 3 54
1 100 1
16 7 16
59 1 59
58 7 58
59 9 59
69 2 69
14 12 14
93 6 93
25 5 25
73 8 73
82 1 82
50 7 50
25 10 25
1 4 1
9 18 9
3 3 3
14 8 14
23 3 23
46 8 46
3 37 3
81 4 81
4 3 4
2 59 2
4 2 4
15 14 15
11 9 11
81 9 81
81 6 81
100 3 100
13 5 13
14 7 14
14 14 14
5 21 5
100 4 100
100 9 100
2 40 2
34 10 34
41 7 41
15 9 15
1 3 1
60 10 60
93 2 93
100 1 100
9 12 9
2 4 2
10 5 10
48 8 48
9 1 9
41 3 41
40 9 40
80 8 80
54 10 54
9 13 9
42 10 42
3 15 3
89 5 89
57 9 57
90 1 90
18 11 18
66 2 66
1 54 1
73 4 73
1 12 1
21 8 21
79 2 79
100 2 100
32 7 32
