100
2 3 2
1 1 1
2 1 2
3 2 3
3 10 3
60 5 60
3 37 3
54 2 54
3 17 3
4 29 4
61 6 61
29 12 29
100 2 100
18 3 18
89 2 89
33 10 33
4 3 4
100 9 100
2 8 2
19 7 19
96 3 96
17 13 17
34 1 34
98 5 98
12 13 12
20 5 20
7 4 7
14 7 14
21 4 21
1 80 1
1 3 1
3 4 3
57 10 57
24 11 24
17 4 17
1 4 1
2 6 2
88 7 88
12 2 12
74 4 74
100 1 100
43 10 43
1 100 1
89 1 89
25 1 25
86 1 86
2 2 2
29 6 29
6 10 6
10 5 10
65 2 65
69 5 69
85 4 85
1 14 1
72 5 72
4 4 4
8 11 8
39 7 39
58 3 58
10 18 10
60 6 60
4 2 4
90 8 90
2 4 2
3 1 3
99 2 99
64 7 64
100 3 100
25 12 25
1 31 1
16 14 16
93 6 93
53 3 53
37 4 37
62 6 62
95 4 95
4 1 4
51 10 51
3 3 3
34 11 34
72 2 72
100 4 100
1 2 1
3 30 3
27 1 27
35 4 35
76 9 76
80 2 80
45 4 45
2 59 2
11 6 11
4 13 4
76 2 76
6 13 6
1 68 1
80 8 80
39 5 39
2 35 2
45 1 45
33 4 33
