100
2
11
10
2
10
00
3
000
000
000
1
1
3
000
110
000
12
000001000000
000000001000
010000000100
100000100001
000011000000
000001000000
001000000100
000000001000
000000100110
000001001000
011100010000
000001000000
24
000000000000001000000000
000000000100000000000000
100000000000000000000000
000000000000000010010000
000000000001000000000000
000000000000001000000000
100000000000000000000000
000000000001000000000000
010000000000000000000000
000000001100000000000000
000010000000000000000000
000000000000001000000000
000010000000000000000000
010000000000000000000000
000100000000000001001000
010000000000000000000000
000000000010010000000000
000001000000000000000100
001000000000000100100010
100000000000000000000000
100000000000000000000000
000000000100000000000000
000000100000000010000000
000000010000100000000001
23
00000001000000010010000
00000000000000010000000
00000000000010000000000
00000000100000000000000
00000000000000000001000
01000000000000000000000
00000000000100000000000
01000000000100000000000
00000000100000000000000
00000000000000100000000
01000000000000000000000
00000000000000000000000
00000000000100000000000
00000000011000000000010
00000000000000001010000
00000001000000000000000
00000010100000000000000
10011000000001000000001
00000000000010000000000
00000001000000000101000
00000000000100000000000
00000100000000000010000
00000000000010100000000
25
0001000000000000000000000
0100000000000000000000000
0000000000000000111000000
0000000001000000000000000
0000010000000000000000000
0000000000000000000100000
0000000000000000000100000
0000100000000000000000010
0000010000000000000000000
0000000000001000000000000
1000000000000000000000001
0000000001000000000000000
0010000000000101000000100
0000000000010000000010000
0000000000100000000000000
0000000000100000000000000
0000000000100000000000000
0000000000000000110000000
0001000000000010000000000
0000000100000000000000000
0000001010000000000001000
0001000000000010000000000
0000000000000000000100000
0000000000100000000000000
0000100000000000000000000
12
000000000101
000110000000
100000100010
000000100000
000001000000
010000000000
000100000000
100000100000
000001000001
001000001000
000010110000
011000000000
12
000000000100
100001000000
000000000010
000000100001
010000000000
000000010000
010000000000
000000000000
010100001100
100010000000
001000000000
000000010000
23
00000000000000010001000
00001000000000000100100
01000000000000000000000
00000100000000010001000
00010000000000000000000
10000000101100000000001
00001000010000000000000
00000000000000000000010
00000000000000000000010
00000000000000000010000
00000000000001101000000
00100000000000000000010
00000000000000000000001
01000000000000000000000
01010000000000000000000
00100000000000000000000
00000000000010000000000
00000000000000000000010
00000001000000000000000
00000010000000000000000
00100000000000000000000
00000000000000000000010
00000000000000000000000
12
000001000000
000000000010
100000000101
000000100010
000000000100
110000000000
000100000000
000010100000
000010000000
000000000001
001000000000
000100000000
23
10000000000000000100100
00010000001010100000010
00000000100000000000000
00000000000001000000001
01000000000000000000000
00000000000000000010000
00000010100000000000000
00000000000001001000000
00000000000000000010000
00000000100000000000000
00000010000000000000000
00000010000100001000000
00100001000000000001000
00000010000000000000000
00000000000000000000001
00000000010000000010000
00000000010000000000000
00000000000000000010000
00001100000000000100000
00000010000000000000000
01000000000000010000000
00000000100000010000000
00000000000000000000001
24
000000100000000010000000
000000000001000000000000
000000010000000000000000
000000000000100000001000
000000010000000000100000
000000000010000000000000
000110000000000000000000
000000000000000000000010
000000000000001100000000
000000000100000000000000
000001000000100000000000
000000000100000000000000
000000000000000000010000
001000000000000000000000
000000000000000010000000
000000000000000001000000
000000001000000000000000
000000000000000100010000
000000000001000000000000
100010000000000000000000
010000010000000000000000
000000000000000001000000
000000000000000000000000
000000000000000000000001
23
00000000000000000000000
10000000000000000000100
00000000000001000010000
00101000000000000000000
00010010000000000000000
00000000000000000000001
00000000000100100100000
00000000000000000000000
00000100000000000000000
00000001000000000000010
00000100000000000001000
00000000000000010000000
00000000000000000000001
00000000000010000000000
00000000000000000000000
01000000000000000000000
00000010010000000000000
00000000000000000000000
00101000000000000000000
00000000000100000000000
11000000000000000000000
00000000000000000000000
00000000000100000000000
24
000000000001000000011000
000000000001000000011000
000000000010000010000000
100000000000110000000000
000001000000000000000000
101000100100100000100000
000000001000000000011000
000000001001000000001000
000101000000000010000000
010010000000000000000000
101000100000110000100000
000000000000000000000000
000010010000001000000000
000000000000000100000100
101000100100110000000000
000000000000000011000010
000000000000000000000010
000000001001000000000000
000010010000001000000001
000000000000000100000000
000000001000000000001000
000000000001000000010000
000000000000000100000000
000000000000000000000100
25
0001000000000000000000000
0001000000000000000000010
1010110000100010011000101
0001000000000000000000010
0000000000000000000001000
0000001001001000000001000
0001000000000000000000000
0001000000000000000000000
0000000000000000000100000
0000001001001000000100000
0000000000000000000000010
0001000000000000000000010
0000001000001000000100000
0010000100100100101000001
0001000000000000000000000
0000000000000000000100000
0000000000000000000000000
0000001000000000000100000
0000000000110001000010000
0001000000000000000000010
0000000000000000000100000
0001000000000000000000010
0100000010100001101000100
0001000000000000000000010
0001000000000000000000010
24
000010000000000000001000
100100000000001000000000
000000000100000000000000
000000100010000010000001
000000000000000000000101
010000001000100000000000
000000000000000001000000
000000000000000000100000
000000000100000100000000
000000000000000000100000
000000000000000000100000
000000000000000000100000
000000000000001000010000
000000000001000000000000
010000000001000000100000
000000001000000000000000
100000000000000000000000
001000000000000100000000
000000010000000001000000
000000010000010000000000
000000010000000000000010
000000000000000000000000
000001000000000100000000
000100000000000000000000
23
00001100111100100000100
00001010011101100010000
00001010100100100001110
00000101000100100100011
00010000001100100000010
00100100100100000000001
00000001111110000000001
00001100110000001011000
01000100010000011101000
00000000000101000100110
10110010010001000010001
00100000110100000110100
11000000100000011001000
10001100010011000100100
01001111100010000000111
01100010010010000100010
00101010001000011100010
01000000100110000100110
00010000001010000001000
00100000001000010110001
00100001001001001100000
00010101000110110001000
01010100001000000000101
12
000000100000
000010000010
010000000000
000000000100
000100000000
000001000000
100000000000
000000000001
000000000000
010000001000
001010000010
100000000000
25
0000000000000000000000010
0000000000000000100000001
0000001000001000000000000
1000000000000000000000000
0000000000000000000100000
0000000000000000000000000
0000001000001000000000000
0000000000000000000000000
0000000010000000000000000
0000000000000000100000001
0000000010000000000000000
0001000000000000000000000
1000000000000000000000000
0000000010000000000000000
0000000000000010000001000
0110110000000000000000000
0000000000000000000000000
0000000000000000000000000
0000000010000000000000000
0000000000000000000000000
0000000000000000000100000
0000000000000000000100000
0000000000000000100000001
0000000100000000000000000
0000000001000000001000100
12
000000010000
000100101001
010001000000
000010100100
000000000000
101000010000
000000000011
000001000000
010000000000
000001000000
010000000000
000100000000
24
000000000000100000000000
000000000000010000000000
000000000000000000000000
000000000000000000000000
000000010000000000000000
000000100000000000010000
000000000000000000000000
000000000000100000000000
000000000000000000010000
000000000000000000000000
000000000000000000000000
000000000001000000100000
001000001000000000000000
000011000000000000000010
001000000000000000000000
000000000000100010000100
000000010000000000000001
000000000000000000000000
000000000000000000000000
100000000100000000000000
000010000000000000000000
000000001000000000000000
000000000000100100000000
000000000000010001000000
12
000001000000
000000000000
000000000000
000000000000
000000000000
000100000000
000000000000
000000000000
010000000000
000010000000
000000000000
000000000000
23
00000000000100000000000
00000000000000000101000
00100000000000000100000
10001000001000000000000
00000000000100000000000
00000000000100000000000
00000000000000000001000
00000000000100000000000
00000000001000101000000
00000000010000000000000
00100000000000000000000
00000000010000000101000
00000000000100000000000
00000000000000000101000
01000000000000010000100
00000000000000011000000
00000000000100000000000
00000000000100000000000
00010000000000000010010
00000000010000000000000
00000000000000000000100
00100000000000000101000
00000111100011000010011
25
0000000111010101000001100
1001000000101010101010011
0110111000000000010100000
1001000000101010101010011
0000000111010101000001100
1001000000101010101010011
0000000111010101000001100
0110111000000000010100000
0110111000000000010100000
0110111000000000010100000
0110111000000000010100000
1001000000101010101010011
1001000000101010101010011
0000000111010101000001100
0000000111010101000001100
0000000111010101000001100
1001000000101010101010011
0000000111010101000001100
1001000000101010101010011
1001000000101010101010011
0110111000000000010100000
1001000000101010101010011
1001000000101010101010011
0000000111010101000001100
0110111000000000010100000
25
0000000000000100010001000
1000000000010000000101000
0100010001000000000000000
0000011100000000000000000
0000100001000000000000000
0001000000010000000000000
0100000000000000010000000
0000001000101000010001011
0100000000000000000000101
0000000010000100000000000
0000000000001000000001000
0000000010000000000000000
0000000001000000000000000
1001000000000000000000000
0000000000001000000000000
0001010000000000101000000
0010000000000000000001000
1000000000000001000010000
0010100000000000000100000
0000000100000000010000000
0000000000000000000010000
0100000000001000000000100
0000010110001000000000000
1000000000000000000000000
0000000000000000000000000
24
000101100000010010001000
000000000100000000000000
000000000100000000000000
010101100000110010000000
000000000000000000000010
100000000000000000000000
000000000000000000000001
000000000000000000000100
000000000000000000010010
000000000000000000010000
000000000000000001000000
100010000000001000000000
000000000110000000000000
000000000100000000000000
000000000000000000000000
000000000110000000000001
000000000000000000000001
000000000000000000010000
100010000000001000000000
000000000000000000000010
000000000100000000000001
010101100000010010001000
000001100000110000001000
001000010001000100000000
23
00001000000000010000010
00000000001000000000000
00000000000000000000010
00000100000000000100000
00000000100001000000001
00110000000100000000000
00000100000000000000000
00100000010101100000000
00000000000010001000000
00000000001000000000000
00000100000000000000000
00000000010001000000100
00000001000000010000000
10000000000000000000000
01100000000000000001100
00000000000010000000000
00000000000000100000000
00100000000000000000100
00001000000000000000000
00000000001000000000000
10000000001000000000000
00000000000000000100000
00000010000000000010010
23
01000000100010000000000
00000000000000000000100
01000000000000000000000
00000010000000000000000
00000000000001000001000
00000010000000000000100
00000010000000000000000
00000010000000000000000
00000000000000000000100
01001000000000000000000
00010000000000100000010
00000000000000010100000
01100000000000000000000
00000000100000000000000
00000000000001000000000
00001000000000000010001
00000100000001000000000
00010000000000000000000
00010000000000100000000
00000010000000000000000
00000100000000000100000
10000001011100001000000
00000000000000000010000
23
11010000110011000000000
00000000000000000000010
00000000000000000000001
00000000000000000010000
01011000010101000001000
00000000000000000000010
00000000000000100100000
00000000000000000000010
00000001000000100000000
00000000000000100000000
00000000000000000100000
00000000000000000000010
11000100101001000000000
00000000000000000000010
00100000000000011000000
00000000000000000000010
00000001000000000000000
00000010000000000000001
01000000010001000000000
00000000011000000000000
00000010000000000010001
00000000000000000000010
00000000000000000000010
23
00000000000000010000000
00000000000010000000000
00000000000001000000000
00000000000000000010000
00000000000000000010000
00000000000000000010000
00000000000000000010000
00000000000010000000000
01100000010000001000100
00000000000000000010000
00000000000000000010000
00001011000000000000000
00000100001001000000000
10000000000010000000000
10000000000000000000000
00000010000100000000010
00000010000000100001000
10000000000000000000000
00001000101000000000000
00010000000000000100001
00000000000010010000000
00000000000000010000000
00010000000000000000000
25
0000000010000000000000000
0000000000000001000000000
0100010000000000000000000
0000100000000000000000000
0000000010000000000000000
0000000001010010000100000
0000000000000000000000100
0000000000001000000000100
0000100000000000000000000
0000000000000000000000010
0000000000001000000000000
0000000000000000000010000
0000000010000000000000010
0000100000100000000000000
0000100000000000000000000
0000000000000000000010000
0001000100000100001001001
0010000000000000100000000
0000000000000000000000100
1000001000000000010000000
0000000000000001000000000
1000000000000000100000000
0000000000000001000000000
0000000000001000000000000
0000000000000000000000100
25
0000000001000000000101001
0000000000000000100010000
0000000100000000010010000
0000000000000000000000000
0000001100000000000000100
0000100000010100010010010
0010000000000000000000000
0000000000000000000100010
0000001000000000000000000
0000000000010000000000000
0000000000000000000000000
0000000000000000000000000
1000000000001000100001000
0001000000000000100000100
0000000101000001010001000
0000000000001000000000000
0011000000000010010000000
0000000000100000000000000
1100000000000000010000100
0100000000000000001000010
0000000000000000100000000
0100000001001000100000000
1000001000000000100000000
0100000100000000100010100
0000010000000000100000000
24
001000001001100111000000
000000100001100101000000
000100001000000111000000
001100100001100110000000
001100100010000011000001
000100001001100000000001
000000101011100111000001
001000100001000000000001
000000000000001000001010
000000000011100000000001
000100001001000111000000
001000100011000011000000
000011000100001000000000
000100101001100110000001
000000100001100000000000
000000001011000001000000
001100100011100100000001
001100100000000101000000
110000000000000000110100
000000100001000000000001
001100001011100000000000
000100001010000001000001
001000000001100000000000
010000010000010000000000
25
0000001000010010000101000
1000001000010010000101000
0000001000010000000001000
0000000100100000101000001
0000001000010010010101000
0000000000001000000000000
1000001000000010010001000
1000001000000000010101000
0000000000001000000000000
1000001000010010000101000
1000000000010010000101000
1000001000010010010100000
0000001000000010000001000
0000000010000000000000000
0000000000001000000000000
1000001000000000010101000
0000000010000000000000000
1000001000000010010100000
0000000010000000000000000
1000000000010010000101000
0000000000000001000000100
0000100010000000000000000
0000001000010010010100000
0111010001000100000010010
0000000000000000000000000
24
000000001000000000000000
001001000000000000000000
001001000000000001000000
001000000000000000000000
000000000000000000000000
000000000000000000000100
001001000000000000000000
000000000000000000110100
000000000010000000000000
000000000000100000000000
010000000000000000000000
000010001000000000000000
000000000000100000000000
000000000000100000000000
000100001000000000000000
010000000000000000000000
001000000000000000000000
000000000000000000000000
000001000000000001000000
010000000000100000000000
000000000101000000000000
000000000010000000000000
010000000000000000000000
100000110000011110001010
23
00000100000000010000000
00100000000000000000100
00000000000010000000000
00000000000000000000010
00000000000010000000010
00000000000010000000000
00000000000000000010100
00000000000010000000000
00000000000010000000000
00000000000000000000000
00000000000010000000010
00000000000010000000010
00000000000010000000000
00000000000010000000010
00000000000000000010000
00000000000000000000000
00000000000010000000010
00000000000010000000010
11000011001000100101001
00100000010000000000000
00000000000010000000010
00000000000000010000000
00011000100100000001000
25
0000100000000010001000000
0000000000001000000000000
0000000001000000000000000
0000000000010000000000000
0000000000000000000001000
0000000000010000000000000
0000000000000000000010001
0000000000000000000000000
0000000000001000000000000
0000000000010000000000000
0000000000000000000000010
0000000000001000000000000
0001010000100001000000100
0000000000000000000100000
0000000000000000010000000
0100000000000000010000000
0000000000001000000000000
0000000000010000000000000
1010000011000100000000000
0000000000010000000000000
0000000000000000000000001
0000000100000000000000000
0100000000000000000000000
0000101000000000101000000
0000000000001000000000000
25
0000000000000000000000001
0000000000000000000000100
0001000000000000000000000
0000000000000000000010000
0000000000001000000000100
0000000000000000000000001
0000000000000111000000000
0000000000000001010000000
0001000000001000000000001
0000000000001000000000000
0000100000000000000000000
0000101000000000000010000
0000000000001000000000000
0000000000000000000000100
0000000001000000101001000
0000000100000000000000000
0000000000000000000000010
0000000000000000000000100
1000000000000000000000000
0000000000000000000000110
1001000100000000000000000
0000100000000000000000000
0000000000000000000000000
0110010010110000000101000
0000000100000000000000000
25
0001000000000000000000000
0010000000000000000000000
0001000000000000000000000
0010000000000000000000000
0010000000000000000000000
1000000000000000010001011
0001000000000000000000000
0010000000000000000000000
0100000000000000010000100
0010000000000000000000000
0001000000000000000000000
0010000000000000000000000
0010000000000000000000000
0000000000110001001000000
0010000000000000000000000
0000000100000100000101001
1000001100110000000000000
0001000000000000000000000
0001000000000000000000000
0011000000000000000000000
0000100000101001001000000
0000100001000010001011000
0000000000000001000000000
0000000000000000100001000
0000110010010001000000000
23
00000000000001000010000
01000000000000000110001
00000000000100000000000
00000000001000000000000
00000000000100000001000
00000000000000000001000
00000000000000000000010
00000000000100000000000
00000000000000000000010
00000000000000000001010
01000000000001000010000
00000100001000000000000
00000000000001000010001
00011000000000000000000
00000011100010000000000
00000000000100000000000
00100000000001000000000
00001000000000000000000
00000000000000000001000
10000000010010101000100
00010100000000000000000
00000000000000000001000
00000000000000010001000
12
000010000000
000010000000
000000000100
010001100000
000000101000
100000000010
000000010000
010000010000
000010000000
001000000110
000000000010
100000000000
12
010000000000
000000000000
000100000000
000000010000
000000001000
000000000000
001000000000
000000000000
000000000000
000010000000
000000000000
000000000000
25
0000000000000000000000001
0100000000000000000010000
0000100000000000000000000
0000001000000000000000000
0000000100000000000000000
0000000100000000000000000
0000000000000000010000000
0001000000010000000000000
0000000000000000000010000
0000000001000000000001010
0000000000000000000000000
0001001000000000000000000
0000010001000000000000010
0000000000000000000000000
1000000000000000000000100
0000000000000000000000000
0000000000000000000000000
0000000000001000000000000
0000010000000000000000000
0000000000000010000000000
0000010000000000000000000
0000000000001000000000000
0000000000000000000010000
0000100000000100010000000
0000000000000000000000001
23
00000000001000000000000
00000000000000010000000
00000000000000000000000
00000000000000000010000
01000000000000000001000
00000100000000000000000
00000000000000001000010
00100010000000000000000
00000000100000100000000
00000000000000010000000
00000000000000000010000
10000000000000000000000
00100000001100000000000
10000000000000000000000
00000000000000000000000
00000000100000000100000
01000000000000000000000
00000000000000000000000
00000000000000000000010
00000000000000000000100
00000000000100000000000
00000000000000000000000
00000000000000000001001
25
0000000100000000000000000
0000000000001000000100000
0100010001000010010000010
1001000000000001000000000
0000000100000000000000000
0000000100000000000000000
0000000100000000000000000
0000000100000000000000000
0000000100000000000000000
0000000000001000000100000
0000000100000000000000000
0000001000000000000010000
0000000100000000000000000
0000000010110110100000110
0000000100000000000000000
0000000100000000000000000
0000000100000000000000000
0000000100000000000000000
0000000100000000000000000
0000000100000000000000000
0000000000001000000100000
0000000100000000000000000
0000000100000000000000000
0010100000000001001000001
0000000100000000000000000
12
000000011000
000000010000
000000001000
000000110000
000000000100
010001000001
101110000010
000000000100
000000100000
000000001000
000000101000
000000000000
24
000000000000000000000010
000000011000000000000000
000000010000000000000000
010000000000000000000000
001001100001000010100000
000000010000000000000000
000000000000000000000010
000100000001000000011100
100100000100101100000000
000000000000000000000001
000000010000000000000010
000010000000000000000000
010000000000000000000000
000000001000000000000000
010010000000000000000000
000000100010010001000000
000010000000000000000000
000000001000000000000000
000000000000000000000010
000000001000000000000000
010000000000000000000000
000000000000000000000000
000010010000000000000000
000000010000000000000000
12
001000000010
001000000100
001000000000
100010000000
001000000000
000000000000
000000000000
000100100000
010000000001
000000000000
000000000000
001001000001
25
1000000000000000000000000
1000000000000000000000000
0000000000000000010000000
0000000000010001000000000
0000001000000000000000000
0100000000000000000000000
1000000000000000000000000
0000000000000000110000000
1000001100000000000000000
0000000001010000000000000
0000010100100000000000000
0000000100000000000000000
0000000000001000010000000
0001000000000000000100100
0000000000000000100000000
0010000000000000000000000
0000000000100000000000000
0000010000000000000000000
0000000100000000000000000
0110000000000000010000000
0000000000000000010000000
0000000010000000000011010
0000000000010010000000010
0000100000000100000010001
0000000000000000001100001
12
000000011000
000000100000
000000001000
000110000000
000001000000
000000000000
000001000000
000000000010
101000000001
000000000100
000001000000
000000000100
12
000000101001
000000100000
000000000100
010000000000
100000000001
000100000010
001110010000
000001000010
000000000100
000000100000
000000000100
010000000000
25
0000000000010000000100000
0000010000000000000000000
0000000010000100000000010
0000010000000000000000000
0000011000000001000010000
0001000000000000000000000
0000000100000000100100000
0000010000100000000000000
0010000000000010010010000
0000000000000000000000000
0000100100000000000000001
0111100000010000000000000
0000000100100000000001000
1000000000000100000000000
1010001100011000000000001
1000110000000001000000010
0000000000000000100000000
0000000000000000000000000
0000000000000000010000000
0001000000000000010001000
0000000000000000010000100
0000000000000001000101000
0000000000000000100100000
0000000000010000000000000
0000011100001000010000000
23
00000000000000000000000
00001000000000000000000
00000000000000000000000
00000000000000000000000
00000000000000000000000
00000000000000000000000
00000000000101001000000
10000000100000000000000
00000010010000000000000
00000000000000000000000
00001001010000000000000
00000000000010000000000
00000000000000000000010
00000000001000000000100
00000000000000000000010
00000010000000000000000
00010000100000000000000
00000000000000100000001
00000000000000000000010
00000000000000000000000
00000000000000000000000
00000000000000010001000
00000000001000000000000
24
000000000000000001000000
001000000000001001000000
000000000000000001000000
000000000000000000010000
000000000000000000100000
000100010001110110000001
000000000000001000000000
100000000000001000000000
000000000000000001000000
001000000010000000000010
000000000100000000000000
000000100000000000000000
010000100000000000100000
000000000001110000000000
000001000000000100000100
000000000000000001101000
000011001000000000000000
000000000000000000010000
000000001001000010000000
000100001000000000000000
010000000100000000000000
000010001001000000010100
000000000000001000000000
000010010000100010000000
12
000000000000
000000000000
000000000010
000000001000
000010000000
000000000000
000000000000
010000000000
000000000000
000000000000
000000000000
000000010000
25
0000001000100000100000000
0000100000000000000000000
0000000000000010000100000
0000000100000000000000000
0000000000000000000000000
1000000010000000000000000
0000000000100000000000000
0000010000000000000000000
1000000000000000000000000
0000000001001000000000000
0000000000000000000000000
0000000000000000000010000
0000000000000100000001000
0100000000000000001000001
0000010000000000000000000
0000000000000000000000000
0000000000000000000000000
0000000100000000000000000
0000000000100000000000000
0000100000000000000000000
0000010000000000000000000
0010000000000000000000000
0010000000000000000000000
0000100000010001000000000
0000000000000000000000000
25
0001000110000100000010101
0001110011111100000111101
0100110010000000000111000
0010001000000000000000000
0100010010100000000100100
0010000000000000010000000
0001100110101001000100101
1000000000000010000000000
0000110001110100001001001
0000110110111100001100000
0000000000000010000000000
0010000000000000000000010
0000001000000000000000000
0000100110111101000100100
0100100011000101001111101
0000000000000000000000010
0001010010011101001111001
0101000001110001000011101
0000000000000000100000000
0101110110110001000010000
0100100111001001000101000
0100000011110101000101101
0000010111001101001011001
0000000000000000110000000
0001000010110100001010101
12
000000000001
000010000000
000010000000
000000000100
001001100010
000000000100
010110000000
000000000000
000010000000
000000000100
100100001001
000000000100
1
0
23
00000110100000001000000
00000110100000001100000
00000010100000001100000
10010001000001000010110
00000000100000000100000
00000110000000000000000
00000110000000000100000
11111001000010010010010
00000000001000000001000
10001000000001110000010
00000000000000000100000
10111001010011110010110
00000000000000000000000
00000000000100000000001
11110001010010010000110
11111001000010110010000
11011000000010110010000
00000110100000000000000
10111000010001110000000
01000001010011010010110
00000000000000000000000
00000100100000001100000
00000100100000001100000
25
0000010000000100000000001
0000000000000010000000000
0000000000000011000000000
0000000001000000000000010
0000000010000000000000000
0000100100000000000000000
0000000000010000000010000
0000000001000000000000000
0000000000100000000000000
0100000000000000000000000
0000000000000000000001000
0000000010000000010000000
0000000000001000000000000
0000001000000000000100000
0000000000100000000000000
0000001000000000000000000
0000000000000000000000100
0000100000000000100000000
0000000000000000010000000
0000000100000000000000000
0011000000000000000000000
0001000000000000000000000
0000000000000000001000000
0000000000010000000000000
0000000000100000000000100
25
0000000101100000100000000
0010100000000000000010000
0010100000000000000010000
1001001000010111000101001
0000010000001000000000000
0010100000000000000010000
0010100000000000000010000
0000000000000000011000110
0000000000000000011000110
0000000000000000000000000
0000000000000000011000010
0100000010000000000000000
0100000010000000000000000
1001001000010111000101001
1001001000010111000101001
0000000000000000011000110
0000000000000000011000110
1001001000010111000101001
0010100000000000000010000
0010000000000000000010000
0010100000000000000010000
1001001000010011000101001
0000000010000000000000000
0010100000000000000010000
0000000101100000100000000
24
000000000000000000000000
000000000000000001000000
000001110000000010000110
000000001101100000001000
100000001101100000001000
000000000000000100100000
000000000000000000100000
000010000000000000010000
000100000000000000010000
000000000000000001000000
000000000000000001000000
000000001110110000001000
000000000000000101000000
000000000000001000000000
000000000000000001000000
000000000000001000000000
010001110000000010000101
000000000000001000000000
000000000000000100100000
001000000000000000000111
000000000000001000000000
000000000000000000010000
000000001110010000000000
000000000000001000000000
24
000000100001010000000010
000000000000100000000000
000001000000000000100000
001000000100000001000000
000000000000101000000010
000000000100000000010000
000000000000000100000000
000000000000000100100000
000000000000000100000000
000010000000000000000100
000000000010000010000000
000000000000000000000000
010000000000000000000000
000000000000100000000001
000000000000000110000000
010000001001000000000000
000000000000000100000000
100000000000001010001000
000000000000000100010000
000010010000000000000000
000000000000000100000000
000100000000001000000000
000000000000000000100000
000000000000000000001000
25
0000000000000000000000000
0000000000000000000000000
0000000000000000000000000
0000000000000000000000000
1111101110111111110111111
0000000000000000000000000
0000000000000000000000000
0000000000000000000000000
0000000000000000000000000
0000000000000000000000000
0000000000000000000000000
0000000000000000000000000
0000000000000000000000000
0000000000000000000000000
0000000000000000000000000
0000000000000000000000000
0000000000000000000000000
0000000000000000000000000
0000000000000000000000000
0000000000000000000000000
0000010001000000001000000
0000000000000000000000000
0000000000000000000000000
0000000000000000000000000
0000000000000000000000000
24
010000000000000000000000
000000100000000001000000
010000000000000000000000
000000000000000000010000
000000000000000000000000
000001000000000000000000
000000000100000000000100
000000000000110110000000
010000000000000000000000
000000000000000000000000
000000000001000000000000
000001000000000000000000
000000000000000000000000
000010000000000000000000
000000000000000000100000
000000000000000000000000
000000000000000000000000
000000100000000000000000
000000000000000000000000
000001000000000000000000
010000000000000000000000
000000000000000000000000
000000000000000000100000
101000010000000000000000
25
0010010100000000000000000
0000000000000010000000000
0000000000000010100000000
0001000001100000000000000
0000000000000000000000000
1000000000000000100000000
0101000000010000000100100
0000000000000000100000010
0000000000000000100000000
0000000000000100000000000
0000001000000010000000000
0000001000000000000000000
0000000000000000000010000
0000000000000000000000010
1000000000000000000011000
0000000000000100001000000
0000000000000000000000011
1000000000000000000000000
0000000000000000000000001
0000000000000000000000010
0000000000000000100000000
0000000000000000000001000
0000000100000001000000000
0000100110001000000100000
0000000000000010000000000
25
0000000000000000000000000
0000100000001000000000000
0001000000000000000000000
0000001000000000000001000
0000000000000000000000000
0000000001000000000010000
0000001000000000110010011
0000000000000000100000000
0000000000001000000000000
0000001000000000000001000
0000000000000000000000000
0000000000000000000000000
0000000011000000000000000
1000000000000000000000000
0101000010001000000000000
0000000000000000001000000
0000100000001000000000000
0000000000000000000000000
0000001000000000000001000
0000000000000000000101000
0000000000100001010100000
0000001000000001000000000
0100000001010000000100000
0010010000000000000000000
0000000000000000100000001
25
0000000000001010000000100
0000000000000000000000010
0000010000000000000000000
0000001000000000000000010
0001000000000000100000000
0010100010000100010000000
0000000000000000000000010
0000000100000000000000011
0000000000001010000000100
0000000000000000001000000
0001000000000000000000000
0000000000000001000100000
0000000000000010000010100
0000010000000000000000000
1000010100000000000000000
0000000000000000001000000
1000000000000000000000000
0000000000000000000010100
0000000001010000000000000
1000000000000000000000000
0000000000000000000000010
0000000000100000001000000
0000000000000000001001000
0000000000000000000000000
0100000000100000000000000
23
00000000000010000000000
11000001011000000101001
11000001011000000101001
00100000000000010010000
00010010000100000000000
00000000000000001010010
00000000000010000000000
11000001011000000101001
00000000000100000000000
11000001011000000100000
00000000100010000000000
00000000000001001000000
00000100000001000000000
00000010000000000000000
00000100000000000000010
00000100000000000000100
10000001011000000101001
00000100000010000000000
00000000100010100000000
00011000000000000000000
00100100000000000000010
00000000100000000000000
00010000000000000000000
25
0000000000000001000000010
0000000000000000000100000
0000000000000000000100000
0000000000000000000100000
0100000000000000100000000
0010000000001000001000000
0000000000000000000100000
0000000010000000000000000
0100100000000000000000000
0000000000000001000000000
0000010000000000000000000
0100000000000000000000000
0000010000000000000001000
0000000000000000000100000
0000000001000000000000000
1000000000000000000000000
0000000000000000000100000
1100000010000000000000000
0000000000000100000000010
0001001000000000000000001
0000000000010000010010000
0000000000000000000100000
0000000000000000000100000
0000000000100001000000000
0000000000000010000000100
25
1101111001000110101010100
0000000010110000000101001
1101111001000110101010100
0000000010110000000101001
0010000000000000000000000
0000000100001001010000010
0000000100001001010000010
0000000100001001010000010
0000000010110000000101001
1101111001000110101010100
0000000010110000000101001
0000000010110000000101001
0000000100001001010000010
1101111001000110101010100
0000000100001001010000010
0000000100001001010000010
0000000100001001010000010
0000000100001001010000010
1101111001000110101010100
0000000000000000000000000
1101111001000110101010100
0000000100001001010000010
0000000100001001010000010
1101111001000110101010100
0000000100001001010000010
24
000010000000000000000000
000000000000000000000100
000000000000100000000010
000000000000100000000000
000000000000000000100000
000000000010000001000000
000000000000000000100000
000000100001000000000000
000000000000000000000010
010000000000000000000000
000000000000000000100000
100000000000000011001000
000000000000001100000100
000000001001000000000000
000010000000000000000000
100000000000000000000000
000000000100000001000001
000000000000000000000010
010000000000010000010000
000101000001000000000000
000000000000000000000000
000000000000000000100000
101000000000000000000000
000000000000000000000100
25
1100000010010011100101110
0000011000000000000010000
0001100001101000010000000
1100000010010011100101110
0000100001101000010000000
1100000010010011000101110
0010000100000100000000001
0001100001100000010000000
0000011000000000000010000
1100000010010011000101110
0010000000000100000000001
1100000010010011100101110
0000011000000000000000000
0001100001101000010000000
0000011000000000000010000
0000011000000000000010000
0001100001101000010000000
0010000100000100000000001
0000011000000000000010000
0010000100000100000000001
0001100001101000010000000
0000011000000000000010000
0000011000000000000000000
0000010000000000000010000
0010000100000100000000001
12
100000000000
000000000100
100000000000
000000000100
011111111011
100000000000
000000000100
100000000000
100000000000
100000000000
100000000000
000000000100
12
000000000001
000000000010
001000011001
100110010000
000000100000
000000000001
000000100010
000000100000
010100000100
000000000010
010000000001
000000100000
25
0000001000000000000000000
0000000001000000000000000
0000000000000000000000000
0000000001000000000000000
0000000000000000000000000
0000000000000010010100000
0000000000000000000000001
0000000000001000000000000
0000000000100000000000000
0000000000100000000000000
0000000000000000000000001
0000000000001000000000000
0000000000100000000000000
0011000100000000000000100
0000010000000100000001000
0000000000001000000000000
0000000000000000000000000
0000000000000000000000000
0000000000000010000000000
0000000000001000000000000
0000000000010000000000000
0000001000010000000000000
0100000010000000000000000
0000000000000000000000000
0000000000000000000000000
24
000000000100000000000000
000000000100000000000000
000000000100000000000000
000000000100000000000000
000000000100000000000000
000000000100000000000000
101010000001000101111000
101110100001000101011001
000000000100000000000000
000000000100000000000000
000000000100000000000000
000000000100000000000000
010001011000111010000010
000000000100000000000000
001110100010000000101101
000000000100000000000000
000000000100000000000000
000000000100000000000000
000000000000000000000000
000000000100000000000000
000000000100000000000000
000000000100000000000000
000000000100000000000000
000000000100000000000000
25
0000000010000000000000001
0010000000001000000000000
0000000010000000000000000
0000000000000000001000000
0000000000010000000000000
0000000010000000000000000
1000000000000000000000000
0000000000010000000000000
0000000000010000000000000
0000000000000001010000000
0000000000000000001000100
0000100100000000000100000
0100000001100000000010000
0001001000000000000000010
0000010000000000000000000
0000010000000000000000000
0000000000000000000001000
0000000000000100100000000
0000000000000000000001000
0000000000000000000000100
0000000000000010010000000
0000000000010000000000000
0000000000000000000000100
0000010000000000000000000
1000000000000000000000000
24
100000000000000000000000
000000110000000000000000
000000000000000000000100
010000000000001001000000
000100000000000010000000
000000000001010000100000
000000000001000000100000
001000000100000000000000
000100000000000010000100
000000001000000000000000
000010000001000100000000
000000000000100000000000
000000001000000000000000
100000000000000000000000
000000000000100000000000
000000000000000010000000
000000000000100000000000
000000000000000000000100
000000100000001000000000
000001000011000000110000
000100000000000010001000
000000000000000000000100
000000000000000000000100
000100000000000010001100
24
000000000001000000000100
100100000000001000010000
000000000100000000000000
000000000000000000000000
000000010001000000000100
010000000000010000000000
000000000000000100000000
000000000000000000000000
000000000100000000000000
000000000000000100000000
000000000000000000000001
000000000000000000001000
000000000000000000000001
000000000000000000000000
000000000000000000000000
000000000000000000000010
000000000000000000000001
000000000000000000000000
001000100000100000000000
000000000000000000001010
000000000000000100000000
000000000000000000000000
000000000000000000000001
000000000000000000000000
25
0100000000000000000001000
0000000000000000001000000
1000000000000000000000000
0000010000000000000100000
1010000000000000000001000
0000100000001010000000101
0000000000000100000000000
0000000000010000000000000
0000000001000100000000000
0000000000000001000000000
0000000000000000000000000
0000001100000000000010000
0000000001000101000000000
0000010010100000000000000
0000000000000000100000000
0000000000100000000000000
0000000000000000001000000
0000000000000100000000000
0001000000000010000000010
0000000001000001000000000
0000000000000000010000000
0000000000010000000000000
0000000000000000100000000
0000000000010000000000000
0000000000000000100000000
24
000000000000000100000000
000000001000000000000000
000000001000001000000000
010000000000000000000000
100000010100000000000000
000000000001000100000000
000000001000100000000000
000000000000000000011010
000000000000000010010000
000001100000000000000001
000110000100000000000000
000000000000000000000001
000001000000000000000000
000000001000010000000000
010010000000000000100100
000000000000000000000001
000000000000001000000000
000000000000100000000000
001000000000000010000010
000000000001000000000000
000001000000000000000000
000000001000000000000000
000000000000010000000000
000000100011000000000000
24
000000000000000010000000
000000010000001000000000
000000000010000000001010
000000000000000000000000
000000101000000000000100
000000000000000000010000
000000000000000000000001
000000000100010000001000
000001000100000000000000
000100000000000100000000
000000000000000000000001
000100000000000000000000
000000000000000000010000
000000000001000000000000
000000000000000100000000
000000000000100000000100
000000000000000000010000
100000000000000010000000
011010000000000000100000
000000000000000000010000
000000010000000000000000
000000000000001000000000
000000000000000000000001
000000000000000100000000
25
0000000000000000000000100
0000000000000010000000000
0000000000000000100000010
0001000000000000000000000
1000000000000000000000010
0000000000000000000100000
0010000000000000000010000
0000000000000000000010000
0000000000000000001000000
0000000000100000000000000
0000000000000010000000000
0000000000000001000000000
0000000000000000100000000
0000000000000000000001001
0000000000000000000000100
1001000000000000000000100
0000000000000000000100010
0000000000000000000000000
0001000000000000000000000
0000000000100000000110000
0000000000000000000000100
1000000000000000001000000
0000000100000001000000000
0000000100000010000010010
0100111011011100010000000
23
00001000000000000000000
00000000010000010100100
00000000100000000001000
00000000000001000000000
01000000000000000000000
10000000000000000000000
01000000000000000001000
00010100000000000000000
00000000000000000010001
00000000000000001000000
00000000001001000000000
00000000000001000000000
00001000000000000000000
00000000000001000000000
00000000000110000000000
00000000001000000000000
00001000000000000000000
10000000000000000010000
00000000001000000000000
00100010010000000000000
00000000000000100001000
00000000000000100000000
00000001000000000000010
12
000010000000
000000000001
000010000000
000010000000
100001010000
100000001110
000000000001
001000001000
000100110000
000000000001
000010000001
010000000010
23
00000000000001001100000
00100000000000000010000
00000001000000000000000
10000100001000000000100
00100000000000000000010
00001000100000000000000
00000000010000000000010
10000000000000010000000
00000000010100000010010
00000000000000000100100
01000010001010000000000
00110000010000000000010
00110001100000000000000
00001000000000000000000
00000000000100000000000
00000000010000000000010
00000000000000000001100
00011000110000000000010
00100000010100000000010
00000000000000100001001
00000000010100000000000
00101001110000000010000
00000000000000000010000
25
0000000010000100000000000
0000000000000000000010000
0100000000001000100000000
0000000000000000010000000
0000000100010000000000000
0000000010000000000000000
0000000000000010000000000
0000000000000000000001000
0000000010000000000000000
0000000000000000000001000
0010011000000000000000000
0000011000000000000010000
0000100000000000000000000
0010011000000000000000001
0000000000000000000000100
0010010000000000000010001
0001000100110000001000000
0000000000000010010000100
0000100001000000000000000
1000000000000001010000000
0000000100000000000100000
0000000000000000000000000
0000000010000000000000000
0000000000000000000000100
0000000010000000000000000
25
1000000000010100000000000
0000000000000100000000000
0000000000010000000010000
0110010010000011000001100
1000000000000100000010000
0000000000010000000000000
0000011000000000101000000
0000000000000000000000001
0000000000010100000010000
0000100101100000000000010
0000000000000100000000000
1000000000010000000000000
0000000000001000000000001
1000000000010100000010000
0000000000000100000000000
1000000000010000000000000
0001010000000000010100010
0000000000001000000000000
0000000000000100000010000
0000000000010000000000000
1000000000010100000010000
1000000000010100000000000
1000000000010000000010000
1000000000000000000000000
0000000000000100000000000
23
00000100000000000000000
10000000000100001010000
00000000000001000000001
00010000000000000000000
01000000000000010000000
00000000100000000000000
00010000100000100000100
00010000000000100000000
00000000001000000000000
00000000000000000001000
00000000110000000000000
00000000000000000000000
00000000110000100000100
00000000010000000000100
00000000001000000000000
00100010000000000010000
00000000100000000000100
00010000010000100000000
00000110000000000100000
00010000000000100000000
00000001000000000000010
00000000000000000000000
00001000000010000000000
12
000000001101
000000100000
000100000000
000001000000
100000001001
000100000010
011001010000
001000000000
000000100000
000100000000
100000001101
100000001100
24
000001000000000000110000
000000010000000000000000
000000000000100010000000
000000000000000000000000
000000000000000000000000
000000000000000000000000
001000000000100010000000
010000000000000000000010
000000000000000000000000
000000000000010000000000
000001000000000000100000
001000000000100010000000
000000100001000000000000
000100000000000000000000
000100000100000000000001
000000000000000001000000
000010001000010000000000
000000000010000000000000
000000000000000000000100
000000010000000000001000
000100000100000000000001
000001000000000000110000
000000001000000000000000
100000000010000000000000
24
000000000010000000000000
100000001000000000000000
000000000000000000001000
000000000000000000000000
000000000010000000000000
000000000001000100010000
000000000010000000000000
000000000000000000001000
000000000000000000001010
000000000000001000001000
010001000100100000000000
000000000000000000001000
000000000000000001110000
000000000000000000000010
000000001000000100010000
000000000010000000000000
000000000000000000001000
000000000000000000000010
001000000000000000000101
000000000010000000000000
000000000000000000001000
000000000000001000000000
000000000010000000000000
001110110000010010000000
24
010000000000000000000000
000000010000100000000000
000000000000000100000100
000010010000100000000000
100000000000000000001000
000000000000000000100000
000000000010001001000001
000000000100000000000010
000000100000000000000000
001000000000000000000000
000000000000000000001000
000000000000010000000000
000000000000000000100000
000000100000000000000000
000001000000000000000000
000000001001000000010000
000000000000000000100000
000001000000000000000000
001000000000000000000000
000001000000000010000000
000000100000000000000000
000000000000000000100000
000100000000000000000000
000000000000010000000000
25
0000010000000010010010000
0000000000000001000000000
0000100000000000010000000
1000000000000000000000000
1000000010000000000010000
0000000100000000000000000
0000000000000000000100011
1000010000000000010010000
0000100000000001000100000
0000001001000000000000000
0000000010000000000000000
0100000000000000100000000
0000000000000000000110000
0000000000000000000001000
1000000001000000000001001
1000000000000000000010000
0001000001000010000000000
0000000000000010000001000
0010000000000100000000001
1000000000100000000000000
0000100010000000000001101
0001000000000000010001000
0000000000000001000001100
0000001010000000000010000
0000000000000000000010100
24
001000000000000000000000
001000000000000000000000
001000000000000000000000
001000000000000000000000
000000000000010000000000
000011000000000100000000
010000000000000000000000
000000000000010000000000
000000000000010000000000
010000000000000000000000
000000010011000000100000
000000000000010000000000
000000000001000001001001
000000000000010000000000
010000000000010000000000
000001001101000000000000
000000000000010000000000
100100100000101010010110
001000000000000000000000
001000000000000000000000
010000000000000000000000
011000000000000000000000
010000000000000000000000
010000000000000000000000
